      0/99     13.7G    0.1109   0.03851   0.07768    0.2271        10      1280         0         0         0         0     0.101   0.02587   0.07267
      1/99     12.6G    0.1042   0.02483   0.07269    0.2017        10      1280    0.2944   0.05882  0.000337  3.37e-05    0.1065   0.02275   0.08715
      2/99     12.6G    0.1025   0.02402   0.07114    0.1977        13      1280 0.0009643   0.01471 0.0002717 5.434e-05   0.09965   0.02245   0.07145
      3/99     12.6G    0.1007   0.02392   0.06962    0.1942        15      1280 0.0001081   0.01471  7.35e-05  2.94e-05   0.09785   0.02229   0.07104
      4/99     12.6G   0.09682   0.02499   0.06793    0.1897        12      1280  0.004067   0.07353  0.005812 0.0008739   0.09606   0.02278   0.07034
      5/99     12.6G   0.08862   0.02431   0.06634    0.1793        13      1280     0.341   0.06521    0.0397  0.008708   0.08793   0.02403   0.06997
      6/99     12.6G   0.07932    0.0233   0.06391    0.1665         8      1280    0.4951    0.0619   0.02376  0.005807    0.0736   0.02179   0.06723
      7/99     12.6G     0.073   0.02231   0.06225    0.1576         9      1280    0.2158   0.09311   0.05361    0.0143   0.07238   0.02291   0.06614
      8/99     12.6G   0.07184   0.02176   0.06068    0.1543         8      1280    0.1842    0.1141   0.04374   0.01272   0.06326   0.01916   0.06391
      9/99     12.6G    0.0669   0.02095   0.05958    0.1474        14      1280    0.1175    0.3151   0.07715   0.02753   0.05935   0.01879   0.06162
     10/99     12.6G   0.06347   0.01913   0.05725    0.1398         5      1280     0.185    0.2094   0.06954   0.02272     0.061   0.01678   0.05993
     11/99     12.6G   0.05943   0.01846    0.0549    0.1328        17      1280    0.4233    0.1647    0.1143    0.0414   0.05588    0.0162   0.05725
     12/99     12.6G   0.05705   0.01812   0.05255    0.1277        21      1280    0.6011    0.1482    0.1571   0.07029   0.05407   0.01512   0.05622
     13/99     12.6G   0.05423   0.01653   0.05062    0.1214        10      1280    0.6937    0.1562    0.1743   0.08532    0.0494   0.01528   0.05362
     14/99     12.6G   0.05304   0.01606   0.04855    0.1177        20      1280    0.5994    0.2031    0.1654   0.06782   0.05057   0.01464   0.05219
     15/99     12.6G   0.05119   0.01592   0.04618    0.1133        14      1280    0.6349    0.1861     0.195   0.09663   0.04524   0.01412   0.04968
     16/99     12.6G   0.04914    0.0152   0.04425    0.1086        11      1280     0.622    0.2215    0.2107     0.104   0.04613    0.0139   0.04912
     17/99     12.6G   0.04914    0.0151   0.04302    0.1073        11      1280    0.4459    0.3155    0.2189    0.1082   0.04626   0.01374   0.04657
     18/99     12.6G   0.04767   0.01514   0.04073    0.1035        16      1280    0.3341    0.3804    0.2144    0.1127   0.04598   0.01355   0.04474
     19/99     12.6G    0.0484   0.01483   0.04018    0.1034        14      1280    0.4764    0.3272    0.2102   0.09915   0.04767   0.01353   0.04348
     20/99     12.6G    0.0468   0.01478   0.03983    0.1014        12      1280    0.4454    0.3281     0.269    0.1472   0.04119   0.01349   0.04183
     21/99     12.6G   0.04546   0.01454   0.03789   0.09789         9      1280    0.3788    0.3503    0.2536     0.152   0.04073   0.01315   0.04089
     22/99     12.6G   0.04329   0.01407   0.03661   0.09397        13      1280     0.442    0.3892      0.29    0.1536    0.0421   0.01294   0.04009
     23/99     12.6G   0.04413   0.01394   0.03653    0.0946         9      1280    0.4975    0.3167    0.2792    0.1607   0.04198   0.01344   0.03975
     24/99     12.6G   0.04335   0.01402   0.03549   0.09286        11      1280    0.3547    0.4312    0.3058    0.1839   0.04089   0.01267   0.03904
     25/99     12.6G   0.04208   0.01421   0.03492   0.09121         9      1280    0.3069    0.3885    0.3011      0.16   0.04257   0.01238   0.03906
     26/99     12.6G   0.04254   0.01376   0.03485   0.09116        12      1280    0.3759    0.4024    0.2627    0.1451   0.04283   0.01287   0.03989
     27/99     12.6G   0.04247   0.01338   0.03402   0.08987        10      1280    0.3001    0.4835    0.3202    0.1657    0.0405    0.0125   0.03858
     28/99     12.6G   0.04109   0.01374   0.03414   0.08897         8      1280    0.3766    0.4042    0.3277     0.206   0.03813   0.01205   0.03685
     29/99     12.6G   0.04026   0.01353    0.0333    0.0871         8      1280    0.3152    0.4733    0.3052    0.1752    0.0399   0.01235   0.03678
     30/99     12.6G   0.03978   0.01303   0.03328   0.08608         9      1280    0.4754    0.4798    0.3798    0.1977   0.03816    0.0123   0.03634
     31/99     12.6G   0.03937   0.01333   0.03336   0.08605        14      1280    0.3919    0.5066    0.3451    0.1755   0.03869   0.01204   0.03666
     32/99     12.6G   0.03926   0.01319   0.03203   0.08448        13      1280    0.3028    0.5026    0.3397    0.2048   0.03896   0.01211   0.03617
     33/99     13.8G    0.0387   0.01292   0.03196   0.08359        10      1280     0.351    0.5325    0.3552    0.2086   0.03702   0.01213   0.03553
     34/99     12.6G   0.03866   0.01286    0.0312   0.08272        10      1280    0.3608     0.443    0.3459    0.2125   0.03663   0.01205   0.03511
     35/99     12.6G   0.03841   0.01319   0.03101   0.08261        12      1280    0.3145    0.5796    0.3806     0.224   0.03742   0.01173   0.03487
     36/99     12.6G   0.03896   0.01287   0.03057   0.08241        22      1280    0.3905    0.4543    0.3806    0.2301   0.03515    0.0118   0.03405
     37/99     12.6G   0.03805   0.01226   0.03019    0.0805        15      1280    0.3473    0.5627    0.3875    0.2294   0.03638   0.01177   0.03381
     38/99     12.6G   0.03773   0.01217    0.0292    0.0791        12      1280    0.3398    0.4662    0.3614    0.2264   0.03473   0.01169   0.03278
     39/99     12.6G   0.03701   0.01223    0.0285   0.07775         6      1280    0.4853     0.398    0.3919     0.246   0.03528   0.01159   0.03243
     40/99     12.6G   0.03637   0.01221   0.02819   0.07676         9      1280    0.3786    0.5144    0.4142    0.2453   0.03571    0.0116   0.03206
     41/99     12.6G   0.03648    0.0122   0.02678   0.07545         7      1280    0.3097    0.4886    0.3694    0.2203   0.03504    0.0116   0.03086
     42/99     12.6G   0.03527   0.01208   0.02696   0.07432        15      1280    0.4034    0.5107    0.4186    0.2597   0.03495   0.01161   0.03021
     43/99     12.6G   0.03556   0.01198   0.02728   0.07482         7      1280    0.3807    0.5461    0.4259    0.2663   0.03373   0.01148   0.03037
     44/99     12.6G   0.03534   0.01186   0.02688   0.07408        17      1280    0.4306    0.5368    0.4733     0.285   0.03364    0.0114   0.02992
     45/99     12.6G   0.03489   0.01193    0.0257   0.07252        22      1280     0.452    0.4286    0.4178    0.2638   0.03445   0.01126   0.02957
     46/99     12.6G   0.03449   0.01162   0.02449   0.07061        10      1280    0.3665    0.6063    0.4431    0.2819   0.03465   0.01133   0.02847
     47/99     12.6G   0.03558   0.01164   0.02592   0.07314        19      1280    0.3763    0.4832    0.4339    0.2702   0.03362   0.01109   0.02826
     48/99     12.6G   0.03455   0.01184   0.02403   0.07042        16      1280    0.4107    0.4721    0.4256    0.2661   0.03315    0.0112   0.02754
     49/99     12.6G   0.03491   0.01156   0.02419   0.07065         8      1280    0.4236    0.4778    0.4446    0.2622   0.03435   0.01152   0.02777
     50/99     12.6G   0.03476    0.0117   0.02341   0.06987        11      1280    0.3851     0.546    0.4507    0.2841   0.03336   0.01123   0.02723
     51/99     12.6G   0.03434   0.01153   0.02355   0.06942        15      1280    0.3525    0.6299    0.4504    0.2765   0.03289   0.01116   0.02742
     52/99     12.6G   0.03418   0.01156   0.02344   0.06917        12      1280    0.4286     0.526    0.4508    0.2903   0.03523     0.011   0.02654
     53/99     12.6G     0.034   0.01159   0.02298   0.06857        11      1280    0.4211    0.6035    0.4707    0.3052   0.03257   0.01098   0.02564
     54/99     12.6G   0.03398   0.01158   0.02223   0.06779        11      1280    0.5657    0.4856    0.5034    0.3273   0.03276   0.01083   0.02518
     55/99     12.6G   0.03367   0.01119   0.02169   0.06655        11      1280    0.4539    0.4894      0.46    0.2974   0.03259   0.01081   0.02502
     56/99     12.6G   0.03276   0.01105   0.02224   0.06606        12      1280    0.3939    0.4967    0.4458    0.2802   0.03278   0.01095   0.02537
     57/99     12.6G   0.03342   0.01126   0.02136   0.06604        11      1280    0.6702    0.4777    0.5187    0.3283   0.03255   0.01115   0.02566
     58/99     12.6G   0.03263   0.01133   0.02048   0.06444         9      1280    0.5365    0.4378    0.4782    0.3096   0.03208   0.01082   0.02527
     59/99     12.6G   0.03192   0.01101   0.02141   0.06434         9      1280    0.5352     0.454    0.4585    0.2974   0.03254   0.01109   0.02511
     60/99     12.6G   0.03189   0.01106   0.02057   0.06352         9      1280    0.4224    0.6138    0.4737    0.3074   0.03183   0.01092   0.02469
     61/99     12.6G   0.03204   0.01117    0.0208   0.06402        10      1280     0.421     0.618    0.4826    0.2969   0.03192   0.01113   0.02389
     62/99     12.6G     0.031   0.01116   0.02069   0.06284         8      1280    0.6646    0.4965    0.5374    0.3427   0.03213   0.01068   0.02405
     63/99     13.8G   0.03112   0.01099   0.01983   0.06194        11      1280    0.5171    0.5535    0.4981    0.3134    0.0325   0.01065   0.02384
     64/99     12.6G   0.03099   0.01087   0.01906   0.06092        14      1280    0.4607    0.4992    0.4632    0.2965   0.03194   0.01063   0.02342
     65/99     12.6G    0.0309   0.01119   0.01961    0.0617        10      1280    0.4453    0.5715    0.4806     0.326   0.03091   0.01078   0.02339
     66/99     12.6G    0.0313   0.01107   0.02001   0.06237        22      1280    0.4548    0.5697    0.4742    0.3122   0.03142   0.01086   0.02468
     67/99     12.6G   0.03013    0.0107   0.01935   0.06018        12      1280    0.4384    0.6254    0.4811    0.3176   0.03162   0.01071   0.02332
     68/99     12.6G   0.03026   0.01046   0.01889   0.05961        10      1280    0.4446    0.5839     0.477    0.3197   0.03121   0.01057   0.02346
     69/99     12.6G   0.03004   0.01064   0.01864   0.05932         8      1280    0.4852    0.6227    0.4919    0.3315   0.03115   0.01059   0.02346
     70/99     12.6G   0.02955   0.01057   0.01816   0.05828         9      1280    0.4971    0.5958    0.5365    0.3643   0.03064   0.01054   0.02353
     71/99     12.6G   0.02912    0.0105   0.01791   0.05753         6      1280    0.4867    0.5603    0.4771    0.3218   0.03097   0.01057   0.02401
     72/99     12.6G   0.02929   0.01047   0.01797   0.05773        14      1280    0.5168    0.5956    0.5491    0.3628   0.03051   0.01045   0.02349
     73/99     12.6G   0.02896   0.01038   0.01819   0.05754         7      1280    0.4851    0.5998    0.4968    0.3299   0.03039   0.01059   0.02354
     74/99     12.6G   0.02856   0.01039   0.01779   0.05674        18      1280    0.3958    0.6696    0.4905    0.3304   0.03037   0.01055   0.02333
     75/99     12.6G   0.02877   0.01029   0.01797   0.05703        20      1280     0.429     0.652    0.4892     0.323   0.03032    0.0103   0.02342
     76/99     12.6G   0.02814  0.009981   0.01757   0.05569         9      1280    0.4889     0.602    0.4995    0.3446   0.03055   0.01038   0.02259
     77/99     12.6G   0.02897   0.01021   0.01828   0.05747        20      1280    0.4431    0.6454    0.4979    0.3356   0.03062   0.01031   0.02259
     78/99     12.6G   0.02812   0.01019   0.01793   0.05624        14      1280    0.4486    0.6425    0.5026    0.3249   0.02996   0.01038    0.0226
     79/99     12.6G   0.02763  0.009886    0.0174   0.05491         8      1280    0.5482    0.5575    0.5403    0.3756   0.02963   0.01068   0.02276
     80/99     12.6G   0.02773  0.009946   0.01712   0.05479        12      1280    0.4608    0.6405    0.4956    0.3401   0.02944   0.01032   0.02252
     81/99     12.6G   0.02804    0.0101   0.01716    0.0553        16      1280    0.4086    0.6887    0.4902    0.3349   0.02965   0.01028   0.02219
     82/99     12.6G   0.02792  0.009848   0.01774   0.05551        12      1280    0.4675    0.6442    0.5464    0.3761   0.02978   0.01041   0.02265
     83/99     12.6G   0.02763    0.0101   0.01733   0.05506        13      1280    0.4717    0.6541    0.5621    0.3831   0.02972   0.01021   0.02324
     84/99     12.6G   0.02741  0.009943   0.01652   0.05388         9      1280    0.5919     0.548    0.5475    0.3743   0.02969   0.01014   0.02292
     85/99     12.6G    0.0271  0.009706   0.01686   0.05367        11      1280    0.4701    0.6483    0.5105    0.3494   0.02998   0.01033   0.02272
     86/99     12.6G   0.02706  0.009545   0.01642   0.05302        11      1280    0.5111    0.6245    0.5383    0.3692   0.02979   0.01021   0.02244
     87/99     12.6G   0.02746  0.009819   0.01648   0.05377        11      1280    0.5168    0.6199    0.5204    0.3555   0.02945   0.01039   0.02236
     88/99     12.6G   0.02668  0.009766   0.01633   0.05277         9      1280    0.4553    0.6743    0.5172    0.3514   0.02919   0.01051   0.02268
     89/99     12.6G   0.02648  0.009781   0.01652   0.05279         9      1280     0.423    0.6109     0.493    0.3278   0.02972   0.01042   0.02207
     90/99     12.6G   0.02659  0.009555   0.01627   0.05242        10      1280    0.4636    0.6531    0.5054    0.3494   0.02972    0.0104    0.0226
     91/99     12.6G   0.02669  0.009735   0.01645   0.05288         9      1280    0.4629    0.6534    0.5047    0.3407   0.02904   0.01025   0.02242
     92/99     12.6G   0.02615  0.009842   0.01607   0.05206         7      1280    0.4572    0.6586    0.5228    0.3583   0.02951   0.01052   0.02223
     93/99     12.6G   0.02691  0.009595   0.01682   0.05333         9      1280    0.4551    0.6216     0.508    0.3322   0.03004   0.01034   0.02218
     94/99     12.6G   0.02691  0.009689   0.01679   0.05338        13      1280    0.4537    0.6553    0.4959    0.3235   0.03038   0.01046   0.02232
     95/99     12.6G   0.02699  0.009719   0.01662   0.05333        13      1280    0.4597     0.641    0.5144     0.351   0.02903   0.01047   0.02268
     96/99     12.6G   0.02667  0.009993   0.01602   0.05269        14      1280     0.476    0.6233    0.4942    0.3403   0.02936   0.01038   0.02185
     97/99     12.6G   0.02617  0.009495     0.016   0.05167        10      1280    0.4708    0.6229    0.4952      0.34   0.02951    0.0104   0.02199
     98/99     12.6G   0.02616   0.00968    0.0157   0.05155        13      1280    0.4903    0.5745    0.4944    0.3323   0.02975   0.01038   0.02215
     99/99     12.6G   0.02631  0.009348   0.01585   0.05151        13      1280    0.4642    0.6086    0.4943    0.3369   0.02904   0.01043     0.022
